           1
        1024
           1
  0.70213917798088632     
  0.66534387682829144     
  0.63054550544478039     
  0.59765651247928919     
  0.56678471281537912     
  0.53769355102349659     
  0.51010145526215067     
  0.48423227172448197     
  0.45990250862045490     
  0.43702787854652908     
  0.41553706636709287     
  0.39529350918427469     
  0.37615137441104018     
  0.35818877486155065     
  0.34150365447349984     
  0.32591343207005102     
  0.31118169072919399     
  0.29737826945152329     
  0.28449355693721445     
  0.27242663537674805     
  0.26117679581349756     
  0.25048069663772354     
  0.24054848303542037     
  0.23128292854388782     
  0.22261452818225946     
  0.21451983822444126     
  0.20687968584793459     
  0.19967813208953178     
  0.19288494716965165     
  0.18653512814892392     
  0.18038387313334139     
  0.17429834246658521     
  0.70404494653894334     
  0.66706745349854568     
  0.63227742641543672     
  0.59925771321913279     
  0.56822101486847099     
  0.53906720586361712     
  0.51144329141353717     
  0.48548634690772563     
  0.46106867798810619     
  0.43812864018205355     
  0.41646683681000235     
  0.39624787519788723     
  0.37711746691367992     
  0.35916276808228598     
  0.34232198272460912     
  0.32663343202234041     
  0.31185281001952891     
  0.29808484822585990     
  0.28509427670490145     
  0.27303455638994611     
  0.26174506794658708     
  0.25101855588616973     
  0.24106214997526132     
  0.23172529531564626     
  0.22299665263167218     
  0.21495308594673063     
  0.20719108091112612     
  0.20005894581628447     
  0.19321201436230245     
  0.18689013727448878     
  0.18070429484421416     
  0.17467752879643880     
  0.70629864447864177     
  0.66914091522648766     
  0.63422219616007425     
  0.60117831140540956     
  0.56996225054705629     
  0.54064563034261037     
  0.51303681666570433     
  0.48695912822424448     
  0.46244501275035033     
  0.43937934470876983     
  0.41768253037650827     
  0.39732453142081198     
  0.37814393081445230     
  0.36010386058768551     
  0.34325110565253725     
  0.32745437650049369     
  0.31263223134370394     
  0.29885338449921067     
  0.28589714941174915     
  0.27371685887596847     
  0.26234926719508095     
  0.25167970539325746     
  0.24167651869679069     
  0.23222882861164851     
  0.22348476660871755     
  0.21534666960110793     
  0.20768190605459019     
  0.20050156033856883     
  0.19369597074371156     
  0.18726978457719687     
  0.18106648002643813     
  0.17496450299461175     
  0.70406091295530226     
  0.66705669706588078     
  0.63233630209358482     
  0.59929349005383448     
  0.56824474732791996     
  0.53899759932413804     
  0.51149650645650446     
  0.48546031014249214     
  0.46106705169789586     
  0.43812330081113393     
  0.41651789787739513     
  0.39626016543428128     
  0.37708323557054713     
  0.35916948699027773     
  0.34238052828565652     
  0.32657039252306380     
  0.31185544788111014     
  0.29805757676266748     
  0.28511995503172405     
  0.27303889877274662     
  0.26164788800132699     
  0.25101055737645617     
  0.24109445396279461     
  0.23179758224885530     
  0.22303884439995980     
  0.21495765300846781     
  0.20734087322178918     
  0.20011780583068722     
  0.19335212861495804     
  0.18693886051965028     
  0.18085457383092760     
  0.17474491879647447     
  0.70466485248517508     
  0.66760520417126124     
  0.63280710586912359     
  0.59983116504755862     
  0.56868505019413007     
  0.53943184743365624     
  0.51193430359178560     
  0.48584579783044263     
  0.46144065747343843     
  0.43844741837284851     
  0.41683579632068735     
  0.39650250881536886     
  0.37734407517691482     
  0.35939008186787202     
  0.34261026921416682     
  0.32676571417257744     
  0.31209969454635966     
  0.29825963842378705     
  0.28533303756568562     
  0.27323222288340959     
  0.26180559719314556     
  0.25119045907176063     
  0.24118398991173784     
  0.23188656290746593     
  0.22317262444375971     
  0.21505363552417633     
  0.20737029695240097     
  0.20024419189459519     
  0.19350674829568193     
  0.18703411996477698     
  0.18100683965905842     
  0.17480773061981031     
  0.70378197922981289     
  0.66679671732859391     
  0.63203219041361836     
  0.59904716484077392     
  0.56801560126921191     
  0.53878274012584515     
  0.51129477464729889     
  0.48530368358210796     
  0.46092106205333461     
  0.43795904654599999     
  0.41646078519706947     
  0.39607235664472296     
  0.37693814371922452     
  0.35902057147609256     
  0.34224810612249706     
  0.32650052484524600     
  0.31178293270375840     
  0.29797577820758731     
  0.28500779856049047     
  0.27296591422533795     
  0.26157235722475292     
  0.25099257835449551     
  0.24100279019257997     
  0.23174537383291019     
  0.22303615125619591     
  0.21496183858807280     
  0.20726166692752887     
  0.20011530382878895     
  0.19340804119768901     
  0.18698141473123106     
  0.18092043555438586     
  0.17478888888528127     
  0.70307537702791356     
  0.66617191773574524     
  0.63139158427824049     
  0.59845520805978680     
  0.56747797400177802     
  0.53827328450766709     
  0.51075368912951014     
  0.48493711852269494     
  0.46053963775870999     
  0.43760902363196524     
  0.41604622008770215     
  0.39574228621793334     
  0.37661380474888129     
  0.35873781827437640     
  0.34192012956515860     
  0.32627925882986264     
  0.31155499649667512     
  0.29770375783286229     
  0.28486909473068073     
  0.27280130613935283     
  0.26145320287355239     
  0.25077691846491063     
  0.24088329263622377     
  0.23159514436718426     
  0.22288785531837924     
  0.21485105296147544     
  0.20718929337912961     
  0.20008698787913959     
  0.19338667028952028     
  0.18704145142288098     
  0.18098744692729926     
  0.17481993322899875     
  0.70315452918403820     
  0.66625563263045962     
  0.63144384840948564     
  0.59854621231360605     
  0.56754621686657325     
  0.53835475598054205     
  0.51080186235686087     
  0.48493170541626618     
  0.46060650972170192     
  0.43765479192694284     
  0.41612561791150443     
  0.39575070524442185     
  0.37667252249519578     
  0.35878286433475898     
  0.34199048510310681     
  0.32630806303553089     
  0.31159677719534790     
  0.29777932299243581     
  0.28491736129349787     
  0.27279753331486800     
  0.26149535025506138     
  0.25086164430059188     
  0.24095200823563359     
  0.23163038216630780     
  0.22300812641127726     
  0.21496479009170491     
  0.20727383459985141     
  0.20016583418272138     
  0.19339134999570146     
  0.18711403959066486     
  0.18103631185073776     
  0.17488051228890383     
  0.70409776045266137     
  0.66714486500401637     
  0.63231980336421101     
  0.59933848901932452     
  0.56830216412908796     
  0.53908373820995659     
  0.51151511978746578     
  0.48554740074392866     
  0.46116455853542598     
  0.43824350237148924     
  0.41668838120567331     
  0.39623665675432146     
  0.37711326006606277     
  0.35916926770596208     
  0.34242970522759109     
  0.32670022810024707     
  0.31189031627489788     
  0.29815327987049234     
  0.28522431285825622     
  0.27308229962931535     
  0.26173973518784310     
  0.25117639778963996     
  0.24118755066182829     
  0.23182410792688901     
  0.22323032098135498     
  0.21519118486326264     
  0.20755527158207926     
  0.20044871621889512     
  0.19366618737437757     
  0.18739791187226304     
  0.18130763472230349     
  0.17509694648527818     
  0.70339018402292219     
  0.66648824327817757     
  0.63170492797735034     
  0.59874007249367955     
  0.56773961483086677     
  0.53856040971072172     
  0.51100619542827841     
  0.48509491063921634     
  0.46077194076600869     
  0.43784463479460978     
  0.41633445026345983     
  0.39597898054426223     
  0.37672054561916946     
  0.35886717289163722     
  0.34212469278278856     
  0.32640564702592600     
  0.31170581867897024     
  0.29785235420791900     
  0.28495613487225735     
  0.27294727948533287     
  0.26149166631627985     
  0.25096765479564886     
  0.24099786589964262     
  0.23166570044878781     
  0.22306502527577626     
  0.21508798332788273     
  0.20747644695709350     
  0.20030863669455759     
  0.19364139299141372     
  0.18740765453008823     
  0.18143807651697574     
  0.17510668989239780     
  0.70379600639206730     
  0.66687333262683346     
  0.63206321564406709     
  0.59908163481003096     
  0.56810400236128478     
  0.53880701548179832     
  0.51129880480781886     
  0.48536977473553145     
  0.46104599208932151     
  0.43806017895683924     
  0.41651064372439034     
  0.39620162257945518     
  0.37696143751156092     
  0.35906105061728694     
  0.34234036514700872     
  0.32660050149433839     
  0.31187288020557130     
  0.29802611899550102     
  0.28511038160994528     
  0.27307905863266235     
  0.26169833392357528     
  0.25114375246298759     
  0.24112019011760771     
  0.23188473155125344     
  0.22317486966900529     
  0.21519746497958767     
  0.20760014762071988     
  0.20046674184687499     
  0.19376803401392073     
  0.18751069724317468     
  0.18164935032880636     
  0.17498827174272563     
  0.70346331842128074     
  0.66657934298248178     
  0.63178600745872981     
  0.59882538858744816     
  0.56782307948130784     
  0.53860250326822412     
  0.51109713102032239     
  0.48515247302146847     
  0.46077956166998718     
  0.43789750172057507     
  0.41630412195762223     
  0.39598804799527071     
  0.37687946187809235     
  0.35890015063110819     
  0.34216666535793067     
  0.32651504553416810     
  0.31177647557282112     
  0.29794252790777215     
  0.28501149713904594     
  0.27297324752139146     
  0.26169671628134283     
  0.25108450021543371     
  0.24110431064307108     
  0.23178116874470039     
  0.22320734917135243     
  0.21521873680676307     
  0.20762960024897267     
  0.20045401598922746     
  0.19380966123403626     
  0.18754044436355796     
  0.18182777631656011     
  0.17353343406837887     
  0.70545555850314956     
  0.66841332514303775     
  0.63347729749691750     
  0.60053548401289958     
  0.56938959688533775     
  0.54006223144916399     
  0.51250868678587480     
  0.48645335076573409     
  0.46202473895962126     
  0.43909147327077447     
  0.41743182150737501     
  0.39693956081116422     
  0.37774016061603660     
  0.35988198385590453     
  0.34298203801182892     
  0.32724470587288862     
  0.31246786507126290     
  0.29857965767094041     
  0.28565903574868934     
  0.27353682078127622     
  0.26218804692753100     
  0.25163901136814731     
  0.24158115996210999     
  0.23229386587172760     
  0.22363699893746286     
  0.21562863798548521     
  0.20803980093060487     
  0.20095926246440701     
  0.19418323879099683     
  0.18800086572623026     
  0.18233383286215271     
  0.16900356086896054     
  0.70430831737312749     
  0.66733486107428219     
  0.63254396793882606     
  0.59955046995352046     
  0.56852761636184657     
  0.53926687156224973     
  0.51167142764563056     
  0.48570582966913534     
  0.46138106029916470     
  0.43846188566683791     
  0.41685751053781611     
  0.39642106750472644     
  0.37723931686456774     
  0.35933424288109106     
  0.34252589565439689     
  0.32686650768546283     
  0.31200039298918369     
  0.29824057656279662     
  0.28530249658799883     
  0.27327720083563184     
  0.26183494818265840     
  0.25131472141713362     
  0.24142004065957290     
  0.23213370432078334     
  0.22340487958507074     
  0.21533783434613224     
  0.20785442031494622     
  0.20073584823374091     
  0.19413393840909529     
  0.18802126321231249     
  0.18223632015626454     
  0.15901369754691747     
  0.70463714279178402     
  0.66763201979888354     
  0.63282611444578762     
  0.59981023436256808     
  0.56873366597688679     
  0.53951339947934995     
  0.51190615191534006     
  0.48592722867909283     
  0.46158669344164138     
  0.43864313500276142     
  0.41700593451538792     
  0.39657993771027394     
  0.37738570584763376     
  0.35952376929657098     
  0.34262712357431763     
  0.32698191510372687     
  0.31213340668533524     
  0.29836466883241242     
  0.28543426085328794     
  0.27331590583087118     
  0.26194934658166769     
  0.25132668160364019     
  0.24144533862298501     
  0.23221924021949072     
  0.22355033688062137     
  0.21554935608514225     
  0.20798025117239038     
  0.20081944118800016     
  0.19426054830942305     
  0.18838347665911209     
  0.18141168939060570     
  0.14657221843354137     
  0.70535315674236143     
  0.66829495604047662     
  0.63345526382483885     
  0.60040482117494409     
  0.56926208387576560     
  0.54000851789423499     
  0.51238051959294462     
  0.48641020611473040     
  0.46203577581487520     
  0.43901203926391930     
  0.41743471068246590     
  0.39686293423834346     
  0.37775727814024518     
  0.35979044674703214     
  0.34292996231594375     
  0.32728109538039563     
  0.31241895569512701     
  0.29859708853529998     
  0.28565363898213919     
  0.27355500330488114     
  0.26215643064584127     
  0.25162225134504052     
  0.24169004672712469     
  0.23242103353816790     
  0.22383112412873174     
  0.21572991686306961     
  0.20818682295994134     
  0.20106055571002007     
  0.19459206660701872     
  0.18861277626301676     
  0.17629379349174040     
  0.13116937912654708     
  0.70380474064354959     
  0.66687621743993564     
  0.63215563616181003     
  0.59910027860968218     
  0.56810922415992016     
  0.53889831655755871     
  0.51132671201042323     
  0.48537163133706218     
  0.46108494027639024     
  0.43818363271800848     
  0.41662994860968194     
  0.39615125280119079     
  0.37714049962227542     
  0.35912769637626069     
  0.34233667314924404     
  0.32666488712124297     
  0.31194687284738787     
  0.29812435667169612     
  0.28517596817265323     
  0.27317325751473404     
  0.26179748226680472     
  0.25121902150978520     
  0.24132702530954880     
  0.23209288338172535     
  0.22353450560390803     
  0.21551070446878617     
  0.20796959189276512     
  0.20092733202931537     
  0.19459491787151637     
  0.18830569772697986     
  0.16328639589271410     
  0.11488209408059463     
  0.70530529069434600     
  0.66826413015250963     
  0.63340798962229139     
  0.60030405380706986     
  0.56921012129044313     
  0.53997664334004103     
  0.51237145991547373     
  0.48633182085044768     
  0.46193425279512235     
  0.43903906344407617     
  0.41742046072502853     
  0.39684608235158431     
  0.37776543625669357     
  0.35977143708252418     
  0.34298090335412879     
  0.32727352510568014     
  0.31255152229340710     
  0.29856512261026014     
  0.28561972075049391     
  0.27357378247814773     
  0.26222613062831407     
  0.25164618083437079     
  0.24165593275847569     
  0.23252528611737092     
  0.22387119263843697     
  0.21576879857144038     
  0.20831539286405482     
  0.20127220651144187     
  0.19489667453381504     
  0.18667465309165038     
  0.14709294558377645     
  0.10004551538197669     
  0.70283655881943097     
  0.66600854443548396     
  0.63124462291141648     
  0.59835041562726221     
  0.56731084930358844     
  0.53826351614898005     
  0.51066174785253371     
  0.48473913297489929     
  0.46055114593738666     
  0.43775126539847559     
  0.41626441405138775     
  0.39569782872438941     
  0.37652916926341101     
  0.35859057638662650     
  0.34194601434372363     
  0.32636710246857353     
  0.31163979700243150     
  0.29779370020651519     
  0.28487909475168283     
  0.27292126629248720     
  0.26152076500955818     
  0.25102988665906734     
  0.24110542398583171     
  0.23204497992482717     
  0.22346710974462919     
  0.21542421921540483     
  0.20798925846996347     
  0.20113064742121944     
  0.19472735950476497     
  0.17601318827922613     
  0.12612003564116550     
   8.7499509977410878E-002
  0.70488746935339330     
  0.66786165985191914     
  0.63303953080401132     
  0.60006204594674417     
  0.56891076094258386     
  0.53967505645051261     
  0.51214400571539842     
  0.48610149329181984     
  0.46187430083117470     
  0.43900327240125636     
  0.41731609064968694     
  0.39673021203991660     
  0.37753850452359483     
  0.35953122441844571     
  0.34274617602944446     
  0.32707917321540175     
  0.31234308611044281     
  0.29854993583147837     
  0.28552453256095334     
  0.27352984277359055     
  0.26214430780246467     
  0.25157615227786811     
  0.24170557371578744     
  0.23259713136522317     
  0.22393729730644391     
  0.21589483069325477     
  0.20845303941660404     
  0.20162862757755351     
  0.19420560800781256     
  0.15694208818072747     
  0.10668609260695347     
   7.8474745186788653E-002
  0.70307663336831638     
  0.66619743956888144     
  0.63142682527925853     
  0.59852406311597361     
  0.56750332477628063     
  0.53844024989601003     
  0.51088510857481395     
  0.48495911516164641     
  0.46071267879767525     
  0.43799689631223476     
  0.41649992292402360     
  0.39588368057615209     
  0.37663746547452193     
  0.35876560173003513     
  0.34197948813375195     
  0.32637612222032053     
  0.31176148115590890     
  0.29792943782540782     
  0.28499664998870439     
  0.27305563501576535     
  0.26171419102825938     
  0.25117273535285656     
  0.24138706621653053     
  0.23218391845622516     
  0.22369397141511504     
  0.21569061857977034     
  0.20821490431526501     
  0.20143900777266147     
  0.18455531309069681     
  0.13199284761720712     
   8.9137179466195426E-002
   7.1442552467416265E-002
  0.70339149936811096     
  0.66653551671184452     
  0.63171309843915957     
  0.59883207861671894     
  0.56777317443521791     
  0.53864508083487062     
  0.51110363838268025     
  0.48519089616580469     
  0.46094469838118846     
  0.43819989270181969     
  0.41664699048003823     
  0.39604615137069027     
  0.37680921237940079     
  0.35885730114052444     
  0.34218576104233356     
  0.32652741519283357     
  0.31190914204372128     
  0.29803933756228307     
  0.28510181140170299     
  0.27315209736449941     
  0.26182694600428902     
  0.25130600697400657     
  0.24144342453602241     
  0.23232828367560393     
  0.22386003386979492     
  0.21580479998247643     
  0.20837043877555539     
  0.20061006485061156     
  0.16023366083387264     
  0.10725828769918302     
   7.7861602691625856E-002
   6.2888654089405971E-002
  0.70351630615057847     
  0.66657689510976292     
  0.63181923700174192     
  0.59883067252383992     
  0.56785509829234138     
  0.53867376017235347     
  0.51127277394894766     
  0.48523758483244639     
  0.46099257520180326     
  0.43833078777357015     
  0.41676201418132724     
  0.39608081053427918     
  0.37681577477049760     
  0.35888767574040548     
  0.34215617756180883     
  0.32656711550078960     
  0.31188362244573281     
  0.29807332981699886     
  0.28513068147333337     
  0.27326208418302567     
  0.26178667077736517     
  0.25134220248755734     
  0.24143272552444220     
  0.23240923696956617     
  0.22403945297485028     
  0.21586902680515654     
  0.20854972328060836     
  0.18598856740807462     
  0.12894307514340905     
   8.7083028328704820E-002
   6.8888076602117460E-002
   6.1797029207909984E-002
  0.70397513928862177     
  0.66703246209484368     
  0.63226402636282886     
  0.59926662905466432     
  0.56825119037986183     
  0.53903301029847539     
  0.51146884770518253     
  0.48560134421231560     
  0.46132166758702836     
  0.43870738659135722     
  0.41719837838403162     
  0.39633679092062268     
  0.37720546908684910     
  0.35925401028725007     
  0.34242048351300719     
  0.32679589674515491     
  0.31208861976426061     
  0.29828728790361603     
  0.28526986934985166     
  0.27347479613658510     
  0.26198222957046646     
  0.25159602622158000     
  0.24161148064115079     
  0.23261126284577918     
  0.22421239003934201     
  0.21619309728242092     
  0.20520710152579219     
  0.15242539793266696     
   9.9702755700897455E-002
   7.3638262549253902E-002
   6.2835035548101548E-002
   6.1050742907739215E-002
  0.70414005742647778     
  0.66713020576030557     
  0.63232207848736710     
  0.59932189331086849     
  0.56836634857049495     
  0.53914129377066833     
  0.51154911328486607     
  0.48561273891769269     
  0.46137951885380013     
  0.43880101177083958     
  0.41732625483740632     
  0.39646640416654111     
  0.37717840277711995     
  0.35918398276174696     
  0.34246638699948811     
  0.32682870424533705     
  0.31228044662629417     
  0.29832787088823226     
  0.28535094449398368     
  0.27351096158285432     
  0.26203284445308456     
  0.25167740128240662     
  0.24172919932318698     
  0.23274523486174231     
  0.22432863350041446     
  0.21569887232311974     
  0.17142701654589260     
  0.11306167402880701     
   7.9112034194172842E-002
   6.3068752298680031E-002
   6.1881878831992074E-002
   6.0759052150495638E-002
  0.70160698510416564     
  0.66493519366765930     
  0.63000848552359834     
  0.59719385088391186     
  0.56634659415639022     
  0.53724183927926816     
  0.50971949735020416     
  0.48393883294668161     
  0.45986378651080428     
  0.43738714627444936     
  0.41615104716024209     
  0.39515935487482173     
  0.37592721369290921     
  0.35805271768417890     
  0.34140653716091479     
  0.32583858540363636     
  0.31148051384885461     
  0.29749727149258015     
  0.28453627066937426     
  0.27293451823108694     
  0.26142160413980597     
  0.25111830339168240     
  0.24126583541011901     
  0.23228249377577823     
  0.22377164029013630     
  0.18700888592516185     
  0.12393000971330544     
   8.3582395497205683E-002
   6.5479147700863799E-002
   6.2793571910600032E-002
   6.1788922192407295E-002
   6.0730681327421057E-002
  0.70386814906777240     
  0.66698048717663894     
  0.63215525254542526     
  0.59911958050169556     
  0.56812953979876979     
  0.53890914374118348     
  0.51143112144643688     
  0.48549357783149583     
  0.46120520814929106     
  0.43875190510093010     
  0.41759201334944362     
  0.39648318610483241     
  0.37698985631139381     
  0.35903284200355545     
  0.34232949171179278     
  0.32675093183373299     
  0.31241494673782222     
  0.29820014213578017     
  0.28526659631489032     
  0.27366154034920648     
  0.26191477690997161     
  0.25194406366175448     
  0.24192581950659797     
  0.23278637809403485     
  0.19605231182223359     
  0.12830905514021707     
   8.5665865539346547E-002
   6.6220100892143710E-002
   6.3520373429617250E-002
   6.2639652418759101E-002
   6.1705657798336172E-002
   6.0697015795745775E-002
  0.70459797130015833     
  0.66761989514833719     
  0.63282515187789157     
  0.59985492655753458     
  0.56874951109136296     
  0.53944240451195025     
  0.51192150427542971     
  0.48598146185593860     
  0.46171133089541361     
  0.43918034815822121     
  0.41816530003691799     
  0.39676077939642340     
  0.37741873790770003     
  0.35944930548639420     
  0.34267382557093784     
  0.32700814746631868     
  0.31276524452771087     
  0.29845513985898964     
  0.28543086344418650     
  0.27405846494423380     
  0.26219681313410742     
  0.25250918794307320     
  0.24174943889001421     
  0.19192194035450377     
  0.12244309606248938     
   8.3367192401953574E-002
   6.5463051873215855E-002
   6.4287590720115764E-002
   6.3450498796853355E-002
   6.2553482515765840E-002
   6.1634076230230025E-002
   6.0633002163483316E-002
  0.70347595113732764     
  0.66653302812482473     
  0.63176391858743119     
  0.59890331567779109     
  0.56784961093206765     
  0.53866408351534711     
  0.51111168080066027     
  0.48523662450105520     
  0.46104721999695469     
  0.43859132001770196     
  0.41793346675768561     
  0.39615838825407368     
  0.37673336871450175     
  0.35876088334333700     
  0.34205836496093961     
  0.32651548101768846     
  0.31246751026999703     
  0.29803343373436603     
  0.28511112104996672     
  0.27403987131357221     
  0.26166542933333037     
  0.24707156059955301     
  0.16377080760264365     
  0.10673775492348719     
   7.6061025728941994E-002
   6.6038795311758824E-002
   6.4994068736239738E-002
   6.4172664779772057E-002
   6.3295934946967822E-002
   6.2457205307083610E-002
   6.1545553357531368E-002
   6.0518851036220692E-002
  0.70342479649219680     
  0.66653752813942324     
  0.63169226725973771     
  0.59874750905805163     
  0.56780410632269318     
  0.53862410610283229     
  0.51110440330764584     
  0.48524554772778217     
  0.46110222707933729     
  0.43874948725972174     
  0.41849588181701625     
  0.39613088173859390     
  0.37668268491431406     
  0.35872594385432149     
  0.34209014642280855     
  0.32652899783539996     
  0.31288900445248979     
  0.29806240939619610     
  0.28509771477542267     
  0.27141197200823713     
  0.17989404966542674     
  0.10829861317062481     
   8.5600360649247392E-002
   6.7920994129740536E-002
   6.6276640810284865E-002
   6.5536328073175026E-002
   6.4786713283320488E-002
   6.4016248074944507E-002
   6.3198920719493540E-002
   6.2326738170820753E-002
   6.1422111328288620E-002
   6.0417099810114672E-002
  0.70393672228848492     
  0.66701369163773294     
  0.63223929884534602     
  0.59919832497211356     
  0.56814342964018438     
  0.53893800544745818     
  0.51144566630437882     
  0.48555102607897094     
  0.46145394679768537     
  0.43916054454754450     
  0.41984243254103071     
  0.39634465558764564     
  0.37693328342342891     
  0.35902693195245505     
  0.34227735837732631     
  0.32672352480250760     
  0.31246808169920653     
  0.20922318648598970     
  0.10940685647203771     
   8.9147010805095739E-002
   7.8960386836392310E-002
   6.8278730547566099E-002
   6.7578001073921229E-002
   6.6672434648545428E-002
   6.5850394741855750E-002
   6.5145856734907442E-002
   6.4437462807124549E-002
   6.3690939437874267E-002
   6.3014803290922017E-002
   6.2183178777221425E-002
   6.1291837896138290E-002
   6.0294545073063338E-002
  0.70344887474587470     
  0.66656617393246276     
  0.63183745750834608     
  0.59880348381890025     
  0.56775836409782321     
  0.53860586110178488     
  0.51116769647807159     
  0.48519282501332872     
  0.46102182458167018     
  0.43867396243059498     
  0.41762329511925195     
  0.22680733409654105     
  0.10198803861141004     
   7.5470845209828150E-002
   7.1248390907188819E-002
   6.9214255059831545E-002
   7.2164832935879331E-002
   7.1938457203505640E-002
   6.6390603343597893E-002
   6.7770841053037850E-002
   6.7920036601534339E-002
   6.6916578855033562E-002
   6.6719018368819605E-002
   6.6091508772699162E-002
   6.5408606386319415E-002
   6.4889995577031470E-002
   6.4198757608597667E-002
   6.3492002338301379E-002
   6.2916335389048811E-002
   6.2046616594072783E-002
   6.1208883937339517E-002
   6.0239984271394917E-002
